1
10054
10474
10526
10529
10553
10651
10652
10675
10711
1083
1091
1097
11
1101
1105
1120
1122
1130
1139
1147
1148
1149
1164
1171
12
1277
13
1302
1415
1430
1431
1432
1433
1449
1458
15
1505
1508
1509
1511
1516
1533
1538
1556
1558
1559
1572
1578
1583
1587
1599
16
1600
1601
1604
1605
1606
1608
1668
1675
17
1748
18
1805
1823
1826
1830
1833
1848
1851
1882
1885
1888
19
1900
1935
1946
1951
1979
1985
1986
1987
2
20
200
2000
2001
201
202
203
204
205
2098
21
2126
2234
23
24
249
25
250
2504
26
2670
27
28
29
2970
2971
2972
2973
2974
3
304
333
37
444
4450
4673
4676
4678
4679
4680
4771
4779
479
4853
516
584
6
634
650
651
7
730
740
764
7662
7663
779
781
783
787
792
793
797
798
8318
9
922
972
9913
acpi
asound
buddyinfo
bus
cgroups
cmdline
consoles
cpuinfo
crypto
devices
diskstats
dma
dri
driver
execdomains
fb
filesystems
fs
interrupts
iomem
ioports
irq
kallsyms
kcore
key-users
kmsg
kpagecount
kpageflags
latency_stats
loadavg
locks
mdstat
meminfo
misc
modules
mounts
mtrr
net
pagetypeinfo
partitions
sched_debug
schedstat
scsi
self
slabinfo
softirqs
stat
swaps
sys
sysrq-trigger
sysvipc
timer_list
timer_stats
tty
uptime
version
version_signature
vmallocinfo
vmstat
zoneinfo
